# Optimizer
lr: [0.0001, 0.0001, 0.00005, 0.00005]
w_decay: [0.001, 0.001, 0.0005, 0.0005]
lr_decay: 0.9
decay_step: 1
n_epochs: 30
log_freq: 20
val_freq: 3
